10 4 3 2 5
0.375748 -0.184908 -0.640627 -0.849980 -0.355923 0.048963 0.059542 0.164362 -0.791409 -1.110253 
-0.235873 0.315786 0.898452 -0.269388 -0.584909 -0.706914 -0.484543 0.826242 0.034488 0.818843 
0.180699 0.769244 0.245886 0.856521 -0.330800 -1.031045 0.124196 -0.858335 0.076247 0.672969 
-0.505065 0.356509 -0.008552 0.732402 0.552159 -0.205409 -0.671423 0.221058 -0.474655 0.562081 

-1.110698 0.171383 -0.800201 0.120086 
0.865582 -0.129208 0.623450 0.858379 
-0.676975 -0.154568 0.534607 1.045072 

0.153802 0.251860 -0.984177 
-0.778562 1.019071 -0.914862 

-0.878265 -0.680919 
-0.688611 -0.536642 
0.191118 0.788173 
1.053081 0.136064 
-0.176777 -0.046728 
