15 3 2 1 5
0.487143 0.794880 -0.668718 -0.410760 -0.694108 0.635884 -0.020469 -0.704120 -0.251588 0.645428 -0.424538 0.920703 0.066273 -0.307524 0.268446 
1.163577 0.786911 -0.751054 0.834906 -0.352564 0.803757 0.509385 -0.798679 -0.600983 -0.080682 -0.855356 -0.328536 0.395198 0.877431 -0.214017 
-0.512542 0.660090 0.355783 0.083918 0.030607 -0.969467 0.445850 1.092621 0.407765 0.082253 0.887847 -0.307291 -0.558879 0.710018 -0.342838 

-0.150191 -0.795737 0.318286 
-0.173264 -0.852636 -0.165151 

0.890207 1.498718 

-0.336298 
1.538239 
-0.544748 
-1.134396 
0.388697 
