5 5 4 2 5
0.971262 0.040468 0.184572 0.942182 -0.805286 
-0.141697 0.658645 0.907854 0.715309 -0.819601 
-0.160169 0.594304 0.254354 0.693392 -0.823154 
0.712493 -0.335797 -0.317627 0.617883 -0.735030 
-0.293881 -0.811114 -0.871687 -0.688490 0.472090 

0.443719 -0.775209 0.356141 0.815787 -0.831013 
-1.087607 0.531375 -0.758438 0.384555 0.106740 
-1.189068 -0.358941 -1.195786 -1.057010 0.625413 
0.328801 -0.453421 -0.825626 -0.934451 0.748028 

0.409980 -0.285055 -0.717869 -0.941183 
-0.877662 0.038405 0.868542 0.880519 

0.704165 0.745044 
0.266355 0.195364 
0.862377 -0.386757 
-0.794914 0.073975 
0.762306 0.622342 
