5 6 4 2 5
0.980417 -0.245373 0.960801 -0.485631 0.016751 
-0.821215 -1.127186 -0.328386 0.223896 -0.808486 
-0.157431 -0.293687 -0.035576 -0.082342 -0.270286 
0.611720 0.206187 0.760526 0.067511 0.152503 
-0.161656 1.040840 0.210006 -0.362132 0.414716 
0.434715 -0.690875 -0.737750 -0.016938 0.064735 

-0.039726 0.672094 0.625609 0.820748 -0.889581 0.150672 
0.347744 -0.261636 -0.530048 -0.487435 -0.575163 -0.088805 
0.060595 -0.054921 0.145532 0.197706 0.401484 -0.156564 
0.242218 0.536971 -0.067600 -0.400096 0.478074 -0.393435 

-0.677820 0.198183 0.589738 -0.112705 
0.625098 -0.519995 -0.051720 0.155363 

0.757509 -0.991475 
0.455548 0.095893 
-0.597868 0.044629 
-0.257482 1.216393 
-0.291063 -0.603488 
